#Total number of fault_segments=     1
#Fault_segment =   1 nx(Along-strike)=  36 Dx=  5.00km ny(downdip)=  12 Dy=  4.09km
#Boundary of Fault_segment     1
#Lon.  Lat.  Depth
     -172.05141      -16.57820        6.57140
     -172.55380      -15.04810        6.57140
     -172.32291      -14.97770       46.57140
     -171.82050      -16.50790       46.57140
     -172.05141      -16.57820        6.57140
#Lat. Lon. depth slip rake strike dip
      -16.57820     -172.05141        6.57140        2.96363      227.04860      342.45001       57.06000
      -16.53530     -172.06540        6.57140       24.65872      277.87579      342.45001       57.06000
      -16.49240     -172.07950        6.57140      194.74220      329.90149      342.45001       57.06000
      -16.44950     -172.09360        6.57140      123.37700      299.93149      342.45001       57.06000
      -16.40660     -172.10770        6.57140      349.50989      327.35309      342.45001       57.06000
      -16.36370     -172.12180        6.57140      316.00931      302.42340      342.45001       57.06000
      -16.32080     -172.13589        6.57140      411.20081      336.88849      342.45001       57.06000
      -16.27790     -172.14999        6.57140       85.90452      314.55829      342.45001       57.06000
      -16.23500     -172.16400        6.57140      114.21880      235.32750      342.45001       57.06000
      -16.19210     -172.17810        6.57140       67.55031      294.14569      342.45001       57.06000
      -16.14920     -172.19220        6.57140      133.00360      305.87729      342.45001       57.06000
      -16.10630     -172.20630        6.57140      128.93680      336.61630      342.45001       57.06000
      -16.06340     -172.22040        6.57140      418.86261      326.67410      342.45001       57.06000
      -16.02050     -172.23450        6.57140      500.61740      322.09189      342.45001       57.06000
      -15.97760     -172.24860        6.57140      706.99829      310.85129      342.45001       57.06000
      -15.93470     -172.26270        6.57140     1051.85095      319.63910      342.45001       57.06000
      -15.89180     -172.27670        6.57140     1443.68506      314.00290      342.45001       57.06000
      -15.84890     -172.29080        6.57140     1444.21204      324.19821      342.45001       57.06000
      -15.80600     -172.30490        6.57140     1363.13098      339.65350      342.45001       57.06000
      -15.76310     -172.31900        6.57140     1332.08203      317.00211      342.45001       57.06000
      -15.72020     -172.33310        6.57140     1327.65698      307.60010      342.45001       57.06000
      -15.67730     -172.34720        6.57140     1356.71399      291.20419      342.45001       57.06000
      -15.63440     -172.36130        6.57140     1398.49597      273.98001      342.45001       57.06000
      -15.59150     -172.37540        6.57140     1339.24695      279.69391      342.45001       57.06000
      -15.54860     -172.38950        6.57140     1269.08704      285.68289      342.45001       57.06000
      -15.50570     -172.40350        6.57140     1291.77905      304.69421      342.45001       57.06000
      -15.46280     -172.41760        6.57140     1418.32703      291.16791      342.45001       57.06000
      -15.41990     -172.43170        6.57140     1271.35303      308.48999      342.45001       57.06000
      -15.37700     -172.44580        6.57140     1302.33496      329.00061      342.45001       57.06000
      -15.33410     -172.45990        6.57140     1133.49597      336.29111      342.45001       57.06000
      -15.29120     -172.47400        6.57140      384.16339      339.75681      342.45001       57.06000
      -15.24830     -172.48810        6.57140       89.70374      334.92380      342.45001       57.06000
      -15.20540     -172.50220        6.57140       51.16166      285.39182      342.45001       57.06000
      -15.16250     -172.51620        6.57140      153.55360      258.66180      342.45001       57.06000
      -15.11960     -172.53030        6.57140       20.43683      333.55020      342.45001       57.06000
      -15.07670     -172.54440        6.57140        5.41102      310.80881      342.45001       57.06000
      -16.57220     -172.03160       10.00000        1.88124      302.46039      342.45001       57.06000
      -16.52930     -172.04570       10.00000       49.64162      331.57169      342.45001       57.06000
      -16.48640     -172.05969       10.00000      115.35620      302.26859      342.45001       57.06000
      -16.44350     -172.07381       10.00000       72.99215      318.40530      342.45001       57.06000
      -16.40060     -172.08791       10.00000       62.41681      314.93939      342.45001       57.06000
      -16.35770     -172.10201       10.00000       56.79907      311.52350      342.45001       57.06000
      -16.31480     -172.11610       10.00000      282.45050      313.58069      342.45001       57.06000
      -16.27190     -172.13020       10.00000      211.60590      265.59000      342.45001       57.06000
      -16.22900     -172.14430       10.00000      217.02150      232.79539      342.45001       57.06000
      -16.18610     -172.15840       10.00000       60.72963      244.06889      342.45001       57.06000
      -16.14320     -172.17239       10.00000       18.01242      284.42020      342.45001       57.06000
      -16.10030     -172.18649       10.00000      151.35271      326.28381      342.45001       57.06000
      -16.05740     -172.20061       10.00000      529.94861      339.64969      342.45001       57.06000
      -16.01450     -172.21471       10.00000      467.96201      337.39850      342.45001       57.06000
      -15.97160     -172.22881       10.00000      609.26721      337.79501      342.45001       57.06000
      -15.92870     -172.24290       10.00000     1129.56006      331.18430      342.45001       57.06000
      -15.88580     -172.25700       10.00000     1425.09998      320.80731      342.45001       57.06000
      -15.84290     -172.27100       10.00000     1383.07104      327.85031      342.45001       57.06000
      -15.80000     -172.28510       10.00000     1435.39404      337.53589      342.45001       57.06000
      -15.75710     -172.29919       10.00000     1484.87598      319.55371      342.45001       57.06000
      -15.71420     -172.31329       10.00000     1398.34497      305.24030      342.45001       57.06000
      -15.67130     -172.32739       10.00000     1439.26294      289.45901      342.45001       57.06000
      -15.62840     -172.34151       10.00000     1432.66199      267.22400      342.45001       57.06000
      -15.58550     -172.35561       10.00000     1449.26697      269.69431      342.45001       57.06000
      -15.54260     -172.36971       10.00000     1473.57703      287.00259      342.45001       57.06000
      -15.49970     -172.38370       10.00000     1457.90503      291.70499      342.45001       57.06000
      -15.45680     -172.39780       10.00000     1469.34302      294.02679      342.45001       57.06000
      -15.41390     -172.41190       10.00000     1484.86304      304.23880      342.45001       57.06000
      -15.37100     -172.42599       10.00000     1414.22998      333.45569      342.45001       57.06000
      -15.32810     -172.44009       10.00000     1249.16003      339.54901      342.45001       57.06000
      -15.28520     -172.45419       10.00000      501.62509      337.40579      342.45001       57.06000
      -15.24220     -172.46831       10.00000      150.16200      332.32040      342.45001       57.06000
      -15.19930     -172.48241       10.00000      235.21690      281.53131      342.45001       57.06000
      -15.15640     -172.49640       10.00000      384.70361      297.78561      342.45001       57.06000
      -15.11350     -172.51050       10.00000      213.07480      314.44031      342.45001       57.06000
      -15.07060     -172.52460       10.00000        3.58917      248.17300      342.45001       57.06000
      -16.56620     -172.01180       13.42860        9.55273      290.88489      342.45001       57.06000
      -16.52330     -172.02589       13.42860       26.35880      331.90771      342.45001       57.06000
      -16.48040     -172.03990       13.42860       21.28273      305.33359      342.45001       57.06000
      -16.43750     -172.05400       13.42860      215.21310      230.84750      342.45001       57.06000
      -16.39460     -172.06810       13.42860       83.70472      271.90900      342.45001       57.06000
      -16.35170     -172.08220       13.42860       72.33579      305.39630      342.45001       57.06000
      -16.30880     -172.09630       13.42860      107.32080      339.10349      342.45001       57.06000
      -16.26590     -172.11040       13.42860      138.38429      292.11331      342.45001       57.06000
      -16.22300     -172.12450       13.42860        6.15875      246.80560      342.45001       57.06000
      -16.18010     -172.13860       13.42860        0.10995      223.41859      342.45001       57.06000
      -16.13720     -172.15260       13.42860        9.21959      264.48001      342.45001       57.06000
      -16.09430     -172.16670       13.42860       91.83678      221.79370      342.45001       57.06000
      -16.05140     -172.18080       13.42860      209.23720      329.08139      342.45001       57.06000
      -16.00850     -172.19490       13.42860      172.62669      333.71359      342.45001       57.06000
      -15.96560     -172.20900       13.42860      276.26471      329.32932      342.45001       57.06000
      -15.92270     -172.22310       13.42860      488.81381      294.08981      342.45001       57.06000
      -15.87980     -172.23720       13.42860      878.81042      300.45859      342.45001       57.06000
      -15.83680     -172.25130       13.42860      937.36871      327.40201      342.45001       57.06000
      -15.79390     -172.26540       13.42860      954.35150      338.03391      342.45001       57.06000
      -15.75100     -172.27940       13.42860     1067.57495      324.02579      342.45001       57.06000
      -15.70810     -172.29350       13.42860      779.89539      294.72079      342.45001       57.06000
      -15.66520     -172.30760       13.42860     1123.60095      268.29410      342.45001       57.06000
      -15.62230     -172.32170       13.42860     1226.38794      251.15250      342.45001       57.06000
      -15.57940     -172.33580       13.42860     1247.89600      254.68111      342.45001       57.06000
      -15.53650     -172.34990       13.42860     1417.34497      266.61951      342.45001       57.06000
      -15.49360     -172.36400       13.42860     1423.14905      280.08881      342.45001       57.06000
      -15.45070     -172.37801       13.42860     1406.35596      287.40189      342.45001       57.06000
      -15.40780     -172.39211       13.42860     1492.29504      292.94141      342.45001       57.06000
      -15.36490     -172.40620       13.42860     1440.08203      302.27341      342.45001       57.06000
      -15.32200     -172.42030       13.42860      982.61749      321.82709      342.45001       57.06000
      -15.27910     -172.43440       13.42860       68.17889      322.84421      342.45001       57.06000
      -15.23620     -172.44850       13.42860       10.38671      228.42490      342.45001       57.06000
      -15.19330     -172.46260       13.42860      193.83020      277.25671      342.45001       57.06000
      -15.15040     -172.47670       13.42860      318.70432      289.54019      342.45001       57.06000
      -15.10750     -172.49071       13.42860       67.95602      314.97800      342.45001       57.06000
      -15.06460     -172.50481       13.42860        1.59315      270.85730      342.45001       57.06000
      -16.56020     -171.99200       16.85710        3.00335      304.55710      342.45001       57.06000
      -16.51730     -172.00610       16.85710       16.37518      326.32300      342.45001       57.06000
      -16.47430     -172.02020       16.85710       46.91194      237.18300      342.45001       57.06000
      -16.43140     -172.03430       16.85710      137.17641      332.97961      342.45001       57.06000
      -16.38850     -172.04829       16.85710      159.71710      279.05130      342.45001       57.06000
      -16.34560     -172.06239       16.85710       17.31588      305.36292      342.45001       57.06000
      -16.30270     -172.07651       16.85710       74.90479      262.85818      342.45001       57.06000
      -16.25980     -172.09061       16.85710       56.09866      285.74799      342.45001       57.06000
      -16.21690     -172.10471       16.85710       26.73635      274.22681      342.45001       57.06000
      -16.17400     -172.11880       16.85710        6.13814      288.93469      342.45001       57.06000
      -16.13110     -172.13290       16.85710       10.97176      334.46039      342.45001       57.06000
      -16.08820     -172.14690       16.85710      196.83730      241.10381      342.45001       57.06000
      -16.04530     -172.16100       16.85710      140.79660      273.62231      342.45001       57.06000
      -16.00240     -172.17509       16.85710       36.84357      247.48430      342.45001       57.06000
      -15.95950     -172.18919       16.85710       16.57988      317.93091      342.45001       57.06000
      -15.91660     -172.20329       16.85710       13.98614      282.88019      342.45001       57.06000
      -15.87370     -172.21741       16.85710      128.64729      286.08609      342.45001       57.06000
      -15.83080     -172.23151       16.85710      510.23969      324.77780      342.45001       57.06000
      -15.78790     -172.24561       16.85710      524.04797      325.00470      342.45001       57.06000
      -15.74500     -172.25960       16.85710      415.07419      328.35971      342.45001       57.06000
      -15.70210     -172.27370       16.85710      248.18420      266.80521      342.45001       57.06000
      -15.65920     -172.28780       16.85710      717.27063      230.50740      342.45001       57.06000
      -15.61630     -172.30190       16.85710     1287.05896      239.34030      342.45001       57.06000
      -15.57340     -172.31599       16.85710     1397.13599      245.25870      342.45001       57.06000
      -15.53050     -172.33009       16.85710     1471.52905      253.40359      342.45001       57.06000
      -15.48760     -172.34419       16.85710     1413.41895      268.30151      342.45001       57.06000
      -15.44470     -172.35820       16.85710     1322.81702      282.57751      342.45001       57.06000
      -15.40180     -172.37230       16.85710     1373.59204      274.98401      342.45001       57.06000
      -15.35890     -172.38640       16.85710     1291.99805      267.78510      342.45001       57.06000
      -15.31600     -172.40050       16.85710      838.32098      271.24481      342.45001       57.06000
      -15.27310     -172.41460       16.85710      305.24219      234.46111      342.45001       57.06000
      -15.23020     -172.42870       16.85710       14.74899      315.08200      342.45001       57.06000
      -15.18730     -172.44279       16.85710       33.12268      251.62610      342.45001       57.06000
      -15.14440     -172.45689       16.85710       40.35733      253.65610      342.45001       57.06000
      -15.10150     -172.47090       16.85710       60.64799      233.27721      342.45001       57.06000
      -15.05860     -172.48500       16.85710        4.38958      307.21771      342.45001       57.06000
      -16.55410     -171.97220       20.28570        9.36415      327.00189      342.45001       57.06000
      -16.51120     -171.98630       20.28570       28.91166      246.83189      342.45001       57.06000
      -16.46830     -172.00040       20.28570       10.48358      287.98050      342.45001       57.06000
      -16.42540     -172.01450       20.28570      100.45870      323.30099      342.45001       57.06000
      -16.38250     -172.02850       20.28570       30.62032      269.87289      342.45001       57.06000
      -16.33960     -172.04260       20.28570       20.23628      331.00180      342.45001       57.06000
      -16.29670     -172.05670       20.28570      142.09810      274.47159      342.45001       57.06000
      -16.25380     -172.07080       20.28570       55.32333      256.28720      342.45001       57.06000
      -16.21090     -172.08490       20.28570        4.20074      238.87540      342.45001       57.06000
      -16.16800     -172.09900       20.28570       23.73949      271.79501      342.45001       57.06000
      -16.12510     -172.11310       20.28570       12.15174      276.35489      342.45001       57.06000
      -16.08220     -172.12720       20.28570      151.41200      263.91940      342.45001       57.06000
      -16.03930     -172.14130       20.28570       57.37790      330.31161      342.45001       57.06000
      -15.99640     -172.15530       20.28570       34.15954      337.39780      342.45001       57.06000
      -15.95350     -172.16940       20.28570       34.79964      228.72749      342.45001       57.06000
      -15.91060     -172.18350       20.28570       48.02290      268.08951      342.45001       57.06000
      -15.86770     -172.19760       20.28570       48.73107      323.23029      342.45001       57.06000
      -15.82480     -172.21170       20.28570       35.05551      326.63419      342.45001       57.06000
      -15.78190     -172.22580       20.28570      156.38319      255.53729      342.45001       57.06000
      -15.73900     -172.23990       20.28570      154.19290      302.58389      342.45001       57.06000
      -15.69610     -172.25391       20.28570      131.68890      244.78380      342.45001       57.06000
      -15.65320     -172.26801       20.28570      586.65887      230.87090      342.45001       57.06000
      -15.61030     -172.28210       20.28570     1360.56299      238.39160      342.45001       57.06000
      -15.56740     -172.29620       20.28570     1428.21802      244.40430      342.45001       57.06000
      -15.52450     -172.31030       20.28570     1276.00806      250.01289      342.45001       57.06000
      -15.48160     -172.32440       20.28570     1308.58301      257.89151      342.45001       57.06000
      -15.43870     -172.33850       20.28570     1084.39404      256.28741      342.45001       57.06000
      -15.39580     -172.35260       20.28570      898.81769      263.94730      342.45001       57.06000
      -15.35290     -172.36659       20.28570      708.85291      266.63379      342.45001       57.06000
      -15.31000     -172.38071       20.28570      508.18250      273.49570      342.45001       57.06000
      -15.26710     -172.39481       20.28570      314.27661      297.43631      342.45001       57.06000
      -15.22420     -172.40891       20.28570       72.58205      323.73239      342.45001       57.06000
      -15.18130     -172.42300       20.28570       37.52433      224.31610      342.45001       57.06000
      -15.13840     -172.43710       20.28570       15.40726      276.09021      342.45001       57.06000
      -15.09550     -172.45120       20.28570      138.62531      309.22900      342.45001       57.06000
      -15.05260     -172.46519       20.28570        4.13454      335.38989      342.45001       57.06000
      -16.54810     -171.95239       23.71430        4.56118      296.81549      342.45001       57.06000
      -16.50520     -171.96651       23.71430       28.18133      310.06921      342.45001       57.06000
      -16.46230     -171.98061       23.71430      169.88260      291.09439      342.45001       57.06000
      -16.41940     -171.99471       23.71430      149.40620      323.68231      342.45001       57.06000
      -16.37650     -172.00880       23.71430        4.85907      312.33261      342.45001       57.06000
      -16.33360     -172.02280       23.71430       61.09069      310.06461      342.45001       57.06000
      -16.29070     -172.03690       23.71430      411.96231      279.31549      342.45001       57.06000
      -16.24780     -172.05099       23.71430      250.22180      262.42761      342.45001       57.06000
      -16.20490     -172.06509       23.71430       60.02353      306.84601      342.45001       57.06000
      -16.16200     -172.07919       23.71430        7.50901      294.53311      342.45001       57.06000
      -16.11910     -172.09331       23.71430       30.12357      327.89941      342.45001       57.06000
      -16.07620     -172.10741       23.71430       17.90086      292.75140      342.45001       57.06000
      -16.03330     -172.12151       23.71430      108.05520      287.42941      342.45001       57.06000
      -15.99040     -172.13550       23.71430       87.25489      294.11169      342.45001       57.06000
      -15.94750     -172.14960       23.71430        8.25356      298.84250      342.45001       57.06000
      -15.90460     -172.16370       23.71430       65.51697      334.36691      342.45001       57.06000
      -15.86170     -172.17780       23.71430        9.55507      272.62320      342.45001       57.06000
      -15.81880     -172.19189       23.71430       86.72816      299.99939      342.45001       57.06000
      -15.77590     -172.20599       23.71430       86.90434      297.03751      342.45001       57.06000
      -15.73300     -172.22009       23.71430       58.78413      296.80441      342.45001       57.06000
      -15.69010     -172.23410       23.71430      106.28570      265.79849      342.45001       57.06000
      -15.64720     -172.24820       23.71430      466.30109      223.78250      342.45001       57.06000
      -15.60430     -172.26230       23.71430      840.31671      227.22231      342.45001       57.06000
      -15.56140     -172.27640       23.71430      990.71667      232.37910      342.45001       57.06000
      -15.51840     -172.29050       23.71430     1041.08899      247.35030      342.45001       57.06000
      -15.47550     -172.30460       23.71430      785.18158      252.36850      342.45001       57.06000
      -15.43260     -172.31870       23.71430      529.74847      275.87460      342.45001       57.06000
      -15.38970     -172.33279       23.71430      305.64429      279.73801      342.45001       57.06000
      -15.34680     -172.34680       23.71430      125.00410      300.38110      342.45001       57.06000
      -15.30390     -172.36090       23.71430       48.94271      334.94400      342.45001       57.06000
      -15.26100     -172.37500       23.71430      221.67500      263.01990      342.45001       57.06000
      -15.21810     -172.38910       23.71430      153.79390      264.31030      342.45001       57.06000
      -15.17520     -172.40320       23.71430       17.36308      231.91650      342.45001       57.06000
      -15.13230     -172.41730       23.71430       13.04374      305.33380      342.45001       57.06000
      -15.08940     -172.43140       23.71430       90.24862      240.66431      342.45001       57.06000
      -15.04650     -172.44540       23.71430        5.90410      294.51569      342.45001       57.06000
      -16.54210     -171.93260       27.14290        0.50836      231.66650      342.45001       57.06000
      -16.49920     -171.94670       27.14290      195.82491      263.38199      342.45001       57.06000
      -16.45630     -171.96080       27.14290       60.37612      270.90121      342.45001       57.06000
      -16.41340     -171.97490       27.14290      189.89430      251.98450      342.45001       57.06000
      -16.37050     -171.98900       27.14290       68.42146      302.54849      342.45001       57.06000
      -16.32760     -172.00310       27.14290       71.07104      305.74979      342.45001       57.06000
      -16.28470     -172.01711       27.14290      363.08780      308.77319      342.45001       57.06000
      -16.24180     -172.03120       27.14290      182.58060      273.61221      342.45001       57.06000
      -16.19890     -172.04530       27.14290        1.58129      271.82199      342.45001       57.06000
      -16.15600     -172.05940       27.14290      130.37270      326.27530      342.45001       57.06000
      -16.11310     -172.07350       27.14290      339.15579      335.41840      342.45001       57.06000
      -16.07010     -172.08760       27.14290      303.61591      336.23270      342.45001       57.06000
      -16.02720     -172.10170       27.14290        8.28419      259.90900      342.45001       57.06000
      -15.98430     -172.11580       27.14290       27.69759      334.33890      342.45001       57.06000
      -15.94140     -172.12981       27.14290      208.59531      232.44231      342.45001       57.06000
      -15.89850     -172.14391       27.14290       17.55613      225.93040      342.45001       57.06000
      -15.85560     -172.15800       27.14290      167.78551      231.51649      342.45001       57.06000
      -15.81270     -172.17210       27.14290       22.97987      282.46021      342.45001       57.06000
      -15.76980     -172.18620       27.14290       20.05603      276.28860      342.45001       57.06000
      -15.72690     -172.20030       27.14290       52.20358      287.78049      342.45001       57.06000
      -15.68400     -172.21440       27.14290        5.57059      288.71591      342.45001       57.06000
      -15.64110     -172.22850       27.14290       43.93246      226.44940      342.45001       57.06000
      -15.59820     -172.24249       27.14290       10.73513      220.66209      342.45001       57.06000
      -15.55530     -172.25661       27.14290      233.31680      238.15401      342.45001       57.06000
      -15.51240     -172.27071       27.14290      219.67920      256.01370      342.45001       57.06000
      -15.46950     -172.28481       27.14290      163.10181      231.96350      342.45001       57.06000
      -15.42660     -172.29890       27.14290       31.71501      313.10431      342.45001       57.06000
      -15.38370     -172.31300       27.14290       16.63860      282.37109      342.45001       57.06000
      -15.34080     -172.32710       27.14290        5.99630      307.44919      342.45001       57.06000
      -15.29790     -172.34109       27.14290       92.13591      334.33459      342.45001       57.06000
      -15.25500     -172.35519       27.14290      154.60600      259.17209      342.45001       57.06000
      -15.21210     -172.36929       27.14290      119.69540      253.62511      342.45001       57.06000
      -15.16920     -172.38341       27.14290       49.32767      241.02480      342.45001       57.06000
      -15.12630     -172.39751       27.14290       15.64003      322.83911      342.45001       57.06000
      -15.08340     -172.41161       27.14290      228.11510      233.71320      342.45001       57.06000
      -15.04050     -172.42570       27.14290        3.64711      297.37210      342.45001       57.06000
      -16.53600     -171.91280       30.57140        2.90185      229.17599      342.45001       57.06000
      -16.49310     -171.92690       30.57140       89.68694      255.34650      342.45001       57.06000
      -16.45020     -171.94099       30.57140      137.85890      303.48621      342.45001       57.06000
      -16.40730     -171.95509       30.57140       10.25969      332.01801      342.45001       57.06000
      -16.36440     -171.96919       30.57140       17.60832      290.49619      342.45001       57.06000
      -16.32150     -171.98331       30.57140      111.64530      283.79050      342.45001       57.06000
      -16.27860     -171.99730       30.57140      303.96509      283.46069      342.45001       57.06000
      -16.23570     -172.01140       30.57140      640.28912      268.43881      342.45001       57.06000
      -16.19280     -172.02550       30.57140      291.88019      292.59811      342.45001       57.06000
      -16.14990     -172.03960       30.57140      276.42020      334.92651      342.45001       57.06000
      -16.10700     -172.05370       30.57140      651.26233      319.59052      342.45001       57.06000
      -16.06410     -172.06779       30.57140      750.16479      338.34052      342.45001       57.06000
      -16.02120     -172.08189       30.57140      234.24319      332.99530      342.45001       57.06000
      -15.97830     -172.09599       30.57140       86.94188      239.61270      342.45001       57.06000
      -15.93540     -172.11000       30.57140      674.43457      224.27710      342.45001       57.06000
      -15.89250     -172.12410       30.57140      333.16660      223.67329      342.45001       57.06000
      -15.84960     -172.13820       30.57140       77.33904      298.81021      342.45001       57.06000
      -15.80670     -172.15230       30.57140      246.43300      253.11690      342.45001       57.06000
      -15.76380     -172.16640       30.57140       60.66429      306.71390      342.45001       57.06000
      -15.72090     -172.18050       30.57140        0.31131      242.91260      342.45001       57.06000
      -15.67800     -172.19460       30.57140       11.87664      273.77939      342.45001       57.06000
      -15.63510     -172.20869       30.57140       35.48903      261.50449      342.45001       57.06000
      -15.59220     -172.22270       30.57140        1.99950      229.67720      342.45001       57.06000
      -15.54930     -172.23680       30.57140       27.44045      220.75670      342.45001       57.06000
      -15.50640     -172.25090       30.57140        9.02258      240.47110      342.45001       57.06000
      -15.46350     -172.26500       30.57140       13.11071      248.47380      342.45001       57.06000
      -15.42060     -172.27910       30.57140       46.48839      302.07660      342.45001       57.06000
      -15.37770     -172.29320       30.57140       18.68128      303.60751      342.45001       57.06000
      -15.33480     -172.30730       30.57140       20.02391      255.12579      342.45001       57.06000
      -15.29190     -172.32140       30.57140       56.33769      288.43790      342.45001       57.06000
      -15.24900     -172.33540       30.57140      144.66750      319.44659      342.45001       57.06000
      -15.20610     -172.34950       30.57140       88.27628      222.31180      342.45001       57.06000
      -15.16320     -172.36360       30.57140        0.32631      304.43689      342.45001       57.06000
      -15.12030     -172.37770       30.57140        2.38515      303.73331      342.45001       57.06000
      -15.07740     -172.39180       30.57140        6.50687      289.42090      342.45001       57.06000
      -15.03450     -172.40590       30.57140        1.96473      279.15390      342.45001       57.06000
      -16.53000     -171.89301       34.00000        2.93984      271.30591      342.45001       57.06000
      -16.48710     -171.90710       34.00000       31.79837      283.42929      342.45001       57.06000
      -16.44420     -171.92120       34.00000       54.69072      314.50980      342.45001       57.06000
      -16.40130     -171.93530       34.00000      187.08521      287.84799      342.45001       57.06000
      -16.35840     -171.94940       34.00000      325.71539      275.83780      342.45001       57.06000
      -16.31550     -171.96350       34.00000       65.31905      293.21259      342.45001       57.06000
      -16.27260     -171.97760       34.00000      145.43700      269.84030      342.45001       57.06000
      -16.22970     -171.99170       34.00000      366.15161      270.36789      342.45001       57.06000
      -16.18680     -172.00571       34.00000      252.92239      278.46960      342.45001       57.06000
      -16.14390     -172.01981       34.00000      109.45040      250.85330      342.45001       57.06000
      -16.10100     -172.03391       34.00000      230.47580      305.36911      342.45001       57.06000
      -16.05810     -172.04800       34.00000      480.69751      321.51251      342.45001       57.06000
      -16.01520     -172.06210       34.00000      209.85280      329.24231      342.45001       57.06000
      -15.97230     -172.07620       34.00000      420.05331      239.06380      342.45001       57.06000
      -15.92940     -172.09030       34.00000      848.08649      233.65280      342.45001       57.06000
      -15.88650     -172.10429       34.00000      373.25211      227.78130      342.45001       57.06000
      -15.84360     -172.11839       34.00000      149.10460      253.67889      342.45001       57.06000
      -15.80070     -172.13251       34.00000      321.46631      282.28531      342.45001       57.06000
      -15.75780     -172.14661       34.00000       72.66908      325.49359      342.45001       57.06000
      -15.71490     -172.16071       34.00000       26.77967      223.30560      342.45001       57.06000
      -15.67200     -172.17480       34.00000        2.22426      300.15710      342.45001       57.06000
      -15.62910     -172.18890       34.00000      321.40921      243.37610      342.45001       57.06000
      -15.58620     -172.20300       34.00000      233.43150      258.81989      342.45001       57.06000
      -15.54330     -172.21700       34.00000      254.03000      286.18280      342.45001       57.06000
      -15.50040     -172.23109       34.00000      215.78130      325.58441      342.45001       57.06000
      -15.45750     -172.24519       34.00000      230.98860      317.74451      342.45001       57.06000
      -15.41460     -172.25929       34.00000      115.50800      293.41821      342.45001       57.06000
      -15.37170     -172.27341       34.00000       41.87452      264.18390      342.45001       57.06000
      -15.32880     -172.28751       34.00000       48.19790      290.18689      342.45001       57.06000
      -15.28590     -172.30161       34.00000      140.28310      318.77020      342.45001       57.06000
      -15.24300     -172.31570       34.00000      191.29660      295.82510      342.45001       57.06000
      -15.20010     -172.32970       34.00000      151.13850      238.34840      342.45001       57.06000
      -15.15710     -172.34380       34.00000        6.04348      267.71811      342.45001       57.06000
      -15.11420     -172.35789       34.00000     1020.88599      316.22711      342.45001       57.06000
      -15.07130     -172.37199       34.00000      919.33850      308.98190      342.45001       57.06000
      -15.02840     -172.38609       34.00000        2.82193      237.83459      342.45001       57.06000
      -16.52400     -171.87320       37.42860        7.93084      241.36920      342.45001       57.06000
      -16.48110     -171.88730       37.42860       79.66193      307.39319      342.45001       57.06000
      -16.43820     -171.90140       37.42860      275.68390      299.24911      342.45001       57.06000
      -16.39530     -171.91550       37.42860      451.18250      314.81061      342.45001       57.06000
      -16.35240     -171.92960       37.42860      579.27643      323.17068      342.45001       57.06000
      -16.30950     -171.94370       37.42860       96.59632      262.66199      342.45001       57.06000
      -16.26660     -171.95779       37.42860       39.33080      298.90549      342.45001       57.06000
      -16.22370     -171.97189       37.42860      162.65300      262.83640      342.45001       57.06000
      -16.18080     -171.98590       37.42860      197.73390      326.45221      342.45001       57.06000
      -16.13790     -172.00000       37.42860       10.99652      290.58350      342.45001       57.06000
      -16.09500     -172.01410       37.42860       85.59834      333.38751      342.45001       57.06000
      -16.05210     -172.02820       37.42860      327.16821      297.57330      342.45001       57.06000
      -16.00920     -172.04230       37.42860      395.92139      288.93060      342.45001       57.06000
      -15.96630     -172.05640       37.42860      746.63599      271.58270      342.45001       57.06000
      -15.92340     -172.07050       37.42860      992.23730      261.43890      342.45001       57.06000
      -15.88050     -172.08450       37.42860      766.94049      269.73901      342.45001       57.06000
      -15.83760     -172.09860       37.42860      730.94318      285.07401      342.45001       57.06000
      -15.79470     -172.11270       37.42860      779.77222      303.97681      342.45001       57.06000
      -15.75170     -172.12680       37.42860      376.51520      325.63199      342.45001       57.06000
      -15.70880     -172.14090       37.42860        0.49301      329.79199      342.45001       57.06000
      -15.66590     -172.15500       37.42860       58.35223      245.73140      342.45001       57.06000
      -15.62300     -172.16910       37.42860      387.39801      231.63029      342.45001       57.06000
      -15.58010     -172.18320       37.42860      141.82719      250.95000      342.45001       57.06000
      -15.53720     -172.19730       37.42860      175.45290      283.53180      342.45001       57.06000
      -15.49430     -172.21130       37.42860      153.50841      274.29190      342.45001       57.06000
      -15.45140     -172.22540       37.42860      445.22491      310.75259      342.45001       57.06000
      -15.40850     -172.23950       37.42860      460.54080      323.09470      342.45001       57.06000
      -15.36560     -172.25360       37.42860      118.21760      336.61850      342.45001       57.06000
      -15.32270     -172.26770       37.42860       23.45150      300.78259      342.45001       57.06000
      -15.27980     -172.28180       37.42860       49.19486      242.41510      342.45001       57.06000
      -15.23690     -172.29590       37.42860       60.74433      318.41260      342.45001       57.06000
      -15.19400     -172.31000       37.42860       19.71062      338.50690      342.45001       57.06000
      -15.15110     -172.32401       37.42860       11.97035      323.93201      342.45001       57.06000
      -15.10820     -172.33810       37.42860     1091.43506      312.60330      342.45001       57.06000
      -15.06530     -172.35220       37.42860     1148.31201      310.49301      342.45001       57.06000
      -15.02240     -172.36630       37.42860        7.33751      226.31950      342.45001       57.06000
      -16.51800     -171.85350       40.85710        4.74655      223.21100      342.45001       57.06000
      -16.47510     -171.86760       40.85710      107.87830      265.97549      342.45001       57.06000
      -16.43220     -171.88161       40.85710      614.32843      305.74301      342.45001       57.06000
      -16.38930     -171.89571       40.85710     1080.17102      321.83859      342.45001       57.06000
      -16.34630     -171.90981       40.85710      649.29230      320.78900      342.45001       57.06000
      -16.30340     -171.92390       40.85710      270.90750      324.50320      342.45001       57.06000
      -16.26050     -171.93800       40.85710      167.29410      229.65660      342.45001       57.06000
      -16.21760     -171.95210       40.85710      127.73110      250.83730      342.45001       57.06000
      -16.17470     -171.96620       40.85710      233.09801      306.07779      342.45001       57.06000
      -16.13180     -171.98019       40.85710      223.16479      292.36249      342.45001       57.06000
      -16.08890     -171.99429       40.85710        7.71785      220.18739      342.45001       57.06000
      -16.04600     -172.00841       40.85710      288.94199      277.16370      342.45001       57.06000
      -16.00310     -172.02251       40.85710      329.87189      260.74319      342.45001       57.06000
      -15.96020     -172.03661       40.85710      603.92401      259.84280      342.45001       57.06000
      -15.91730     -172.05070       40.85710      873.48022      273.61420      342.45001       57.06000
      -15.87440     -172.06480       40.85710      863.27802      292.71320      342.45001       57.06000
      -15.83150     -172.07890       40.85710      769.24750      299.60330      342.45001       57.06000
      -15.78860     -172.09290       40.85710      657.17987      301.67679      342.45001       57.06000
      -15.74570     -172.10699       40.85710      353.53241      313.20691      342.45001       57.06000
      -15.70280     -172.12109       40.85710       59.73061      331.46649      342.45001       57.06000
      -15.65990     -172.13519       40.85710      271.79739      246.44231      342.45001       57.06000
      -15.61700     -172.14931       40.85710      428.77469      239.87260      342.45001       57.06000
      -15.57410     -172.16341       40.85710      226.66710      226.30341      342.45001       57.06000
      -15.53120     -172.17751       40.85710       16.77389      322.21301      342.45001       57.06000
      -15.48830     -172.19150       40.85710      218.68790      302.33170      342.45001       57.06000
      -15.44540     -172.20560       40.85710      335.41931      307.77969      342.45001       57.06000
      -15.40250     -172.21970       40.85710      718.27332      311.82739      342.45001       57.06000
      -15.35960     -172.23380       40.85710      446.04181      320.59399      342.45001       57.06000
      -15.31670     -172.24789       40.85710      230.36150      336.74500      342.45001       57.06000
      -15.27380     -172.26199       40.85710      108.15870      294.15381      342.45001       57.06000
      -15.23090     -172.27609       40.85710        0.04205      306.42261      342.45001       57.06000
      -15.18800     -172.29021       40.85710       17.68056      303.74429      342.45001       57.06000
      -15.14510     -172.30420       40.85710        0.72383      294.92581      342.45001       57.06000
      -15.10220     -172.31830       40.85710      765.97467      308.46591      342.45001       57.06000
      -15.05930     -172.33240       40.85710      735.40228      315.98541      342.45001       57.06000
      -15.01640     -172.34650       40.85710        5.64693      334.23041      342.45001       57.06000
      -16.51190     -171.83369       44.28570        5.17706      298.45041      342.45001       57.06000
      -16.46900     -171.84779       44.28570        6.04763      277.61060      342.45001       57.06000
      -16.42610     -171.86180       44.28570        3.24403      275.02451      342.45001       57.06000
      -16.38320     -171.87590       44.28570        8.99210      279.05460      342.45001       57.06000
      -16.34030     -171.89000       44.28570        9.54813      287.60330      342.45001       57.06000
      -16.29740     -171.90410       44.28570        6.89457      264.14240      342.45001       57.06000
      -16.25450     -171.91820       44.28570        8.35224      326.47751      342.45001       57.06000
      -16.21160     -171.93230       44.28570        0.09242      234.45840      342.45001       57.06000
      -16.16870     -171.94640       44.28570        9.60384      266.31741      342.45001       57.06000
      -16.12580     -171.96040       44.28570        9.10947      282.42810      342.45001       57.06000
      -16.08290     -171.97450       44.28570        1.43783      306.56049      342.45001       57.06000
      -16.04000     -171.98860       44.28570        9.07746      333.93399      342.45001       57.06000
      -15.99710     -172.00270       44.28570        3.68364      335.85309      342.45001       57.06000
      -15.95420     -172.01680       44.28570        3.48444      254.25819      342.45001       57.06000
      -15.91130     -172.03090       44.28570        9.45435      239.60320      342.45001       57.06000
      -15.86840     -172.04500       44.28570        1.16259      224.76160      342.45001       57.06000
      -15.82550     -172.05910       44.28570        5.89129      314.45670      342.45001       57.06000
      -15.78260     -172.07320       44.28570        1.72244      316.33890      342.45001       57.06000
      -15.73970     -172.08720       44.28570        5.84687      288.95920      342.45001       57.06000
      -15.69680     -172.10130       44.28570        2.26841      296.92560      342.45001       57.06000
      -15.65390     -172.11540       44.28570        8.18468      259.66611      342.45001       57.06000
      -15.61100     -172.12950       44.28570        7.00777      231.89250      342.45001       57.06000
      -15.56810     -172.14360       44.28570        8.63387      286.93939      342.45001       57.06000
      -15.52520     -172.15770       44.28570        0.85608      223.24580      342.45001       57.06000
      -15.48230     -172.17180       44.28570        7.88115      280.97571      342.45001       57.06000
      -15.43940     -172.18590       44.28570        3.05553      317.29279      342.45001       57.06000
      -15.39650     -172.19991       44.28570        4.39977      271.32651      342.45001       57.06000
      -15.35360     -172.21400       44.28570        5.08424      244.46150      342.45001       57.06000
      -15.31070     -172.22810       44.28570        5.75483      290.73318      342.45001       57.06000
      -15.26780     -172.24220       44.28570        0.46676      240.06110      342.45001       57.06000
      -15.22490     -172.25630       44.28570        7.15202      311.28711      342.45001       57.06000
      -15.18200     -172.27040       44.28570        1.70606      332.15131      342.45001       57.06000
      -15.13910     -172.28450       44.28570        1.30619      232.71410      342.45001       57.06000
      -15.09620     -172.29849       44.28570        3.85718      264.26099      342.45001       57.06000
      -15.05330     -172.31261       44.28570        6.94190      246.45061      342.45001       57.06000
      -15.01040     -172.32671       44.28570        9.26602      237.60490      342.45001       57.06000
