662 0 9 0  23 2 77     ntime,nskip,ncon,ninf,ihr0,nprof,nlev
278198
216549
199745
185043
214527
198707
207663
194269
192799
189966
188198
188200
159750
153427
136368
105362
139841
50432
27237
26509
21735
15567
96218
53733
25433
24774
3827
2191
14056
32779
45129
177387
71479
70832
82370
224630
269587
268077
330027
300474
303847
305324
322204
333160
348993
349053
353252
288523
292735
297561
560127
576487
373196
367444
365759
361478
359881
426226
448064
441125
464090
444500
415166
393204
418236
423213
357544
449163
351608
351343
350686
338719
330027
359788
424420
418525
357794
Z0        0.        1.0       0.
M2        .08051141 0.9725965 161.6148
K1        .04178075 1.0904494 19.61379
O1        .03873065 1.1460076 140.7197
Q1        .03721850 1.1460076 152.5098
S2        .08333333 1.0000000   0.0000
N2        .07899925 0.9725966 174.2729
MK3       .12229215 1.0000000   0.0000
M4        .16102280 1.0000000   0.0000
BCTides.bin
outHAAPall.dat
